0 361
0 362
0 363
0 361
0 362
0 363
0 361
0 362
0 363
0 469
0 470
1 65
1 66
1 67
1 65
1 66
1 67
1 65
1 66
1 67
1 106
1 107
2 100
2 101
2 102
2 100
2 101
2 102
2 100
2 101
2 102
2 114
2 115
3 282
3 283
3 284
3 282
3 283
3 284
3 282
3 283
3 284
3 89
3 90
4 370
4 371
4 372
4 370
4 371
4 372
4 370
4 371
4 372
4 476
4 477
5 12
5 13
5 14
5 12
5 13
5 14
5 12
5 13
5 14
5 226
5 227
6 45
6 46
6 47
6 45
6 46
6 47
6 45
6 46
6 47
6 41
6 42
7 603
7 604
7 605
7 603
7 604
7 605
7 603
7 604
7 605
7 583
7 584
8 217
8 218
8 219
8 217
8 218
8 219
8 217
8 218
8 219
8 259
8 260
9 233
9 234
9 235
9 233
9 234
9 235
9 233
9 234
9 235
9 2
9 3